3.814017354432497086e+03
