4.718585193997982969e+03
